18
17
11
0
33
31
8
28
21
19
15
18
27
0
49
29
31
16
16
46
2
43
42
44
0
58
52
68
74
41
45
47
79
28
82
53
50
74
87
110
71
102
74
129
88
48
71
143
161
54
65
36
94
157
149
179
88
62
63
99
103
172
160
82
48
89
17
0
1
3
32
4
10
9
10
39
16
28
58
45
14
88
43
22
61
3
46
9
18
49
53
86
125
94
24
67
66
78
73
62
54
80
102
77
120
16
85
88
82
94
128
25
61
29
123
20
54
134
64
113
56
87
131
88
77
35
119
93
92
156
45
214
